seeds: 3640772818 104094365 1236480411 161072229 376099792 370219099 1590268366 273715765 3224333694 68979978 2070154278 189826014 3855332650 230434913 3033760782 82305885 837883389 177854788 2442602612 571881366

seed-to-soil map:
496269031 1203272644 52136246

soil-to-fertilizer map:
217408321 2086205436 25053699

fertilizer-to-water map:
3950520280 1751042330 139651634

water-to-light map:
556810106 840812947 14926117

light-to-temperature map:
1244459013 624435822 80444775

temperature-to-humidity map:
2622049454 736812858 79169969

humidity-to-location map:
3071447765 3790677895 35519893